15127105173
15127136671
15127165286
15127169546
15127180241
15154815348
15154818479
15154819071
15154822502
15154827038
15154829057
15154829556
15154829971
15154830657
15154831867
15154832406
15154867023
15154867534
15154867649
15154869156
15154870627
15154870956
15154871342
15154872181
15154873283
15154873539
15154874322
15154874413
15154874679
15154874729
15154875015
15154875046
15154875318
15154875439
15154876041
15154876319
15154876397
15154876509
15154876625
15154876843
15154876853
15154876945
15154877062
15154878139
15154878291
15154879135
15154879575
15154879594
15154879742
15154879835
15154886374
15154886394
15154887048
15154887362
15154887594
15154887823
15154889267
15154890485
15154890638
15154891524
15154891543
15154891569
15154891611
15154891873
15154892081
15154892397
15154892543
15154892735
15154893265
15156301396
15156301528
15156301652
15156301679
15156301693
15156301742
15156302139
15156302187
15156302843
15156302931
15156303713
15156303776
15156303821
15156303954
15156303958
15156304587
15156304592
15156304596
15156304681
15156304736
15156304937
15156305385
15156305386
15156306413
15156306823
15156306964
15156307294
15156307893
15156308127
15156308203
15156308291
15156308389
15156308625
15156308795
15156308976
15156309403
15156309472
15156309480
15156309784
15156310131
15156310192
15156310294
15156310336
15156310363
15156310784
15156311413
15156311429
15156311526
15156311645
15156311738
15156312511
15156312967
15156313618
15156313671
15156313798
15156313892
15156313984
15156314187
15156314192
15156314338
15156314619
15156314765
15156314768
15156314875
15156315401
15156315643
15156315719
15156315780
15156315865
15156316932
15156317154
15156317212
15156317358
15156317389
15156317594
15156317655
15156317664
15156318026
15156341103
15156341153
15156341165
15156341261
15156341265
15156341271
15156341275
15156341281
15156341332
15156341355
15156341379
15156341404
15156341472
15156341523
15156341629
15156341657
15156341658
15156341670
15156341679
15156341681
15156341682
15156341732
15156341813
15156341825
15156341837
15156341850
15156341865
15156341880
15156341888
15156341946
15156342037
15156342071
15156342078
15156342152
15156342169
15156342317
15156342369
15156342378
15156342383
15156342409
15156342412
15156342413
15156342463
15156342535
15156342585
15156342593
15156342622
15156342628
15156342687
15156342688
15156342705
15156342741
15156342756
15156342760
15156342773
15156342794
15156342909
15156342922
15156342954
15156342963
15156342984
15156343035
15156343054
15156343062
15156343081
15156343189
15156343207
15156343247
15156343276
15156343395
15156343472
15156343518
15156343549
15156343627
15156343655
15156343716
15156343721
15156343752
15156343771
15156343808
15156343809
15156343835
15156343874
15156343898
15156343905
15156343974
15156344046
15156344070
15156344296
15156344373
15156344397
15156344429
15156344485
15156344526
15156344637
15156344731
15156345016
15156345039
15156345049
15156345101
15156345108
15156345124
15156345229
15156345286
15156345316
15156345355
15156345373
15156345557
15156345617
15156345696
15156345699
15156345703
15156345764
15156345796
15156345872
15156346028
15156346148
15156346186
15156346307
15156346315
15156346375
15156346381
15156346421
15156346457
15156346610
15156346623
15156346739
15156346766
15156346829
15156346835
15156346862
15156346971
15156346993
15156347036
15156347037
15156347050
15156347136
15156347192
15156347253
15156347303
15156347336
15156347358
15156347359
15156347369
15156347414
15156347491
15156347540
15156347568
15156347653
15156347699
15156347792
15156347864
15156347921
15156347935
15156347958
15156348039
15156348053
15156348059
15156348152
15156348159
15156348273
15156348354
15156348368
15156348517
15156348596
15156348643
15156348707
15156348739
15156348827
15156348835
15156348862
15156348954
15156349052
15156349055
15156349093
15156349132
15156349169
15156349184
15156349264
15156349512
15156349521
15156349589
15156349637
15156349829
15156349862
15156350093
15156350103
15156350137
15156350159
15156350179
15156350183
15156350268
15156350340
15156350417
15156350516
15156350541
15156350578
15156350582
15156350621
15156350706
15156350837
15156350861
15156350886
15156350904
15156351008
15156351081
15156351108
15156351250
15156351291
15156351394
15156351473
15156351542
15156351665
15156351706
15156351729
15156351753
15156351872
15156351932
15156351974
15156352174
15156352175
15156352197
15156352210
15156352248
15156352538
15156352660
15156352683
15156352756
15156352781
15156352869
15156352958
15156353064
15156353095
15156353159
15156353177
15156353220
15156353284
15156353438
15156353509
15156353530
15156353597
15156353662
15156353670
15156353679
15156353682
15156353687
15156353744
15156353856
15156353903
15156354032
15156354046
15156354069
15156354117
15156354139
15156354276
15156354290
15156354330
15156354341
15156354363
15156354410
15156354423
15156354448
15156354470
15156354493
15156354506
15156354589
15156354659
15156354662
15156354669
15156354675
15156354713
15156354755
15156354795
15156354947
15156354968
15156355043
15156355060
15156355069
15156355087
15156355117
15156355138
15156355157
15156355285
15156355303
15156355318
15156355352
15156355361
15156355363
15156355417
15156355448
15156355548
15156355650
15156355740
15156355786
15156355795
15156355812
15156355869
15156355891
15156355893
15156355895
15156355924
15156355943
15156355991
15156356025
15156356057
15156356063
15156356080
15156356099
15156356192
15156356200
15156356228
15156356302
15156356330
15156356341
15156356343
15156356361
15156356490
15156356493
15156356501
15156356548
15156356594
15156356667
15156356681
15156356685
15156356714
15156356734
15156356738
15156356783
15156356867
15156356891
15156356931
15156357018
15156357035
15156357052
15156357114
15156357213
15156357240
15156357352
15156357584
15156357600
15156357602
15156357617
15156357691
15156357702
15156357765
15156357783
15156357805
15156357829
15156357912
15156357938
15156357939
15156358035
15156358045
15156358057
15156358071
15156358084
15156358101
15156358128
15156358137
15156358143
15156358150
15156358154
15156358156
15156358159
15156358199
15156358220
15156358256
15156358317
15156358320
15156358362
15156358413
15156358423
15156358442
15156358443
15156358451
15156358497
15156358498
15156358506
15156358516
15156358531
15156358565
15156358609
15156358669
15156358704
15156358807
15156358849
15156358889
15156358911
15156358914
15156358920
15156359036
15156359049
15156359053
15156359055
15156359079
15156359112
15156359120
15156359124
15156359127
15156359130
15156359146
15156359203
15156359206
15156359224
15156359231
15156359274
15156359304
15156359413
15156359450
15156359462
15156359485
15156359502
15156359518
15156359606
15156359620
15156359644
15156359662
15156359708
15156359710
15156359742
15156359882
15156359914
15156359927
15156360427
15156360435
15156360596
15156360629
15156360634
15156360645
15156360646
15156360784
15156360974
15156361054
15156361194
15156361574
15156362473
15156362801
15156362991
15156363504
15156363637
15156363647
15156363654
15156363686
15156363756
15156363926
15156364039
15156364317
15156364321
15156364372
15156364375
15156364749
15156364798
15156364978
15156364991
15156365418
15156365436
15156365438
15156365592
15156365976
15156366224
15156366295
15156366443
15156366770
15156366802
15156367184
15156367259
15156367322
15156367597
15156367948
15156368165
15156368197
15156368353
15156368366
15156368379
15156368413
15156368912
15156369226
15156369543
15156369813
15156369829
15156370083
15156370176
15156370269
15156370905
15156371083
15156371106
15156371154
15156371375
15156371430
15156372251
15156372635
15156372724
15156372769
15156373128
15156374302
15156374587
15156374811
15156374969
15156375022
15156375081
15156375313
15156375360
15156375383
15156375483
15156375761
15156375896
15156376099
15156376322
15156377498
15156377591
15202620459
15202632617
15202689319
15202835742
15203486704
15203487441
15203496495
1623200414
1623200951
1623200997
1623201009
1623201093
1623201192
1623201466
1623201611
1623202433
1623202461
1623202475
1623202575
1623202619
1623202849
1623202852
1623202883
1623203051
1623203396
1623203732
1623203875
1623204023
1623204057
1623204082
1623204275
1623204513
1623204539
1623204879
1623204902
1623204952
1623205087
1623205280
1623205394
1623205472
1623205720
1623205777
1623206247
1623206286
1623206375
1623206614
1623206725
1623206738
1623207064
1623207376
1623207549
1623207551
1623207843
1623207875
1623207881
1623207935
1623208193
1623208257
1623208702
1623208775
1623209268
1623209686
1623209945
1623210187
1623210209
1623210229
1623210359
1623210588
1623210891
1623210962
1623211368
1623211812
1623212081
1623212539
1623212692
1623212875
1623213012
1623213286
1623213437
1623213707
1623213956
1623213977
1623214380
1623214445
1623214511
1623214813
1623214979
1623215347
1623215367
1623215541
1623215646
1623216342
1623216462
1623216711
1623216736
1623217004
1623217346
1623217581
1623217731
1623218203
1623218770
1623218942
1623218978
1623218996
1623219052
1623219517
1623219759
1623219835
1623220462
1623220488
1623220872
1623221315
1623221422
1623221611
1623221861
1623221893
1623222960
1623223005
1623223063
1623223461
1623223506
1623223872
1623224852
1623225112
1623225237
1623225392
1623225435
1623225568
1623226457
1623226810
1623226814
1623226824
1623226993
1623227064
1623227094
1623227287
1623227331
1623227418
1623227685
1623227873
1623228045
1623228278
1623228374
1623228387
1623228516
1623228627
1623228996
1623229027
1623229065
1623229086
1623229181
1623229326
1623229364
1623229371
1623229497
1623229542
1623229597
1623229623
1623229625
1623229646
1623229896
1623230068
1623230285
1623230329
1623230609
1623230673
1623230979
1623231020
1623231260
1623231509
1623232590
1623232592
1623232608
1623232664
1623232977
1623233021
1623233173
1623233381
1623233558
1623233568
1623233786
1623234380
1623234428
1623234470
1623235312
1623235484
1623235554
1623235567
1623235756
1623235901
1623235911
1623235975
1623236029
1623236110
1623236220
1623236613
1623236615
1623236774
1623236850
1623237233
1623237312
1623237349
1623237547
1623237911
1623238042
1623238566
1623238671
1623238745
1623238772
1623239092
1623239445
1623239461
1623239465
1623239625
1623239644
1623239866
1623240031
1623240258
1623240370
1623240439
1623240481
1623240632
1623240850
1623240922
1623241008
1623241119
1623241158
1623241355
1623241637
1623241911
1623241918
1623242316
1623242365
1623242847
1623242935
1623243159
1623243258
1623243307
1623243310
1623243460
1623243493
1623243616
1623243647
1623244030
1623244195
1623244471
1623244746
1623245109
1623245173
1623245299
1623245597
1623245629
1623245706
1623245737
1623245941
1623245979
1623246522
1623246549
1623247220
1623247295
1623247476
1623247530
1623247544
1623247978
1623248094
1623248531
1623248595
1623248643
1623248730
1623248734
1623248829
1623249114
1623249235
1623249327
1623249342
1623249374
1623249380
1623249484
1623249642
1623249681
1623249742
1623249788
1623249838
1623250072
1623250074
1623250208
1623250309
1623250322
1623250484
1623250767
1623250945
1623251066
1623251103
1623251203
1623251370
1623251402
1623251456
1623251491
1623251539
1623251562
1623251848
1623252109
1623252569
1623252586
1623252622
1623253004
1623253302
1623253438
1623253494
1623253506
1623253674
1623253878
1623253884
1623253983
1623254093
1623254109
1623254159
1623254283
1623254333
1623254767
1623254778
1623254794
1623254938
1623255310
1623255483
1623255635
1623255826
1623256191
1623256306
1623256375
1623256585
1623256972
1623257768
1623257781
1623257971
1623257991
1623258229
1623258292
1623258299
1623258384
1623258616
1623258645
1623258707
1623258783
1623258913
1623259179
1623259361
1623259453
1623259458
1623259605
1623259639
1623259823
1623260268
1623260270
1623260285
1623260289
1623260476
1623260712
1623260750
1623261184
1623261437
1623261451
1623261801
1623262109
1623262117
1623262315
1623262849
1623263126
1623263158
1623263243
1623263272
1623263534
1623263646
1623263789
1623264013
1623264213
1623264551
1623264553
1623264575
1623264681
1623264711
1623264760
1623265062
1623265138
1623265267
1623265280
1623265498
1623265623
1623265824
1623265957
1623266221
1623266331
1623266392
1623266443
1623266680
1623266762
1623266850
1623266978
1623267245
1623267302
1623267313
1623267324
1623267400
1623267515
1623267529
1623267864
1623267986
1623268010
1623268258
1623268266
1623268363
1623268433
1623268550
1623268602
1623268612
1623268659
1623268707
1623268836
1623268925
1623269133
1623269186
1623269268
1623269554
1623269684
1623269987
1623269997
1623270290
1623270351
1623270478
1623270782
1623271120
1623271360
1623271426
1623271429
1623271718
1623271753
1623271795
1623271801
1623271839
1623271923
1623272302
1623272420
1623272423
1623272537
1623272596
1623272622
1623272658
1623272695
1623272845
1623272933
1623273036
1623273109
1623273481
1623273653
1623273690
1623273745
1623273841
1623274204
1623274269
1623274489
1623274524
1623274938
1623275127
1623275165
1623275314
1623275519
1623275586
1623275749
1623275862
1623275915
1623276153
1623276191
1623276260
1623276425
1623276444
1623276494
1623276608
1623276662
1623276866
1623277274
1623277518
1623277867
1623277951
1623277972
1623278015
1623278125
1623278139
1623278281
1623278289
1623278326
1623278457
1623278497
1623278537
1623278552
1623278745
1623278749
1623278796
1623278804
1623278851
1623279026
1623279060
1623279071
1623279182
1623279400
1623279535
1623279690
1623279709
1623279843
1623279875
1623280097
1623280106
1623280162
1623280229
1623280334
1623280506
1623280627
1623280664
1624932490
1624933194
1624934046
1624935256
1624935717
1624938531
1624938976
1624939257
1624943651
1624948723
1624950894
1624952216
1624958969
1624961675
1624967221
1624967319
1624975157
1624975935
1624977275
1624977459
1624981863
1624982791
1624983371
1624983773
1624984129
1624984269
1624984664
1624987670
1627206632
1627207816
1627211528
1627212805
1627213074
1627214314
1627214462
1627214855
1627215547
1627216240
1627217613
1627217973
1627219249
1627223732
1627224091
1627224293
1627224765
1627225935
1627228236
1627228701
1627228856
1627231413
1627231428
1627232769
1627241019
1627241343
1627241461
1627241772
1627241797
1627242717
1627251715
1627252329
1627253015
1627253244
1627253930
1627254079
1627254314
1627254392
1627254728
1627255069
1627255314
1627256082
1627256237
1627257138
1627257929
1627258975
1627259026
1627259191
1627259443
1627259503
1627259851
1627259922
1627261743
1627262370
1627262836
1627263208
1627263557
1627263712
1627263791
1627266981
1627267110
1627267532
1627268449
1627269089
1627269232
1627269644
1627269904
1627271164
1627275387
1627276929
1627278425
1627279335
1627279419
1627279722
1627280923
1627281415
1627282076
1627282909
1627283249
1627283505
1627283957
1627284318
1627285458
1627285581
1627286129
1627286136
1627286518
1627288413
1627289203
1627289862
1627292267
1627293566
1627294584
1627294862
1627295053
1627295252
1627295588
1627295911
1627296181
1627296272
1627296353
1627296525
1627296557
1627296577
1627297016
1627297027
1627297380
1627297399
1627297891
1627298573
1627298869
1627299284
1627299879
1627410096
1627411041
1627413397
1627414516
1627414680
1627414739
1627414769
1627415021
1627415256
1627415977
1627416408
1627422344
1627434659
1627435197
1627436115
1627436301
1627436486
1627436682
1627436687
1627436794
1627437239
1627438640
1627439191
1627439714
1627450486
1627451778
1627452401
1627454064
1627454274
1627454349
1627456620
1627457563
1627457961
1627458479
1627458911
1627459069
1627459375
1627459554
1627459643
1627459824
1627460252
1627460275
1627460419
1627460971
1627461123
1627462547
1627462822
1627464651
1627465528
1627465737
1627466481
1627467965
1627469464
1627469566
1627469576
1627480598
1627480765
1627481752
1627481803
1627482481
1627482543
1627482572
1627483144
1627483377
1627486134
1627486224
1627486345
1627488131
1744719424
1744728644
1744729496
1744734866
1744764649
1744767726
1744772945
1744781427
1744782632
1744782648
1744786062
1744789048
1744791374
1744797846
1744798412